      48.712944 2.167306 200.27 -653.657260444793 272.617286006407 -8.98992907962312 53628
      48.712944 2.167306 200.27 -653.657260444793 272.617286006407 -8.98992907962312 53628.5
      48.712944 2.167306 200.27 -653.657260444793 272.617286006407 -8.98992907962312 53629
      48.712944 2.167306 200.27 -653.657260444793 272.617286006407 -8.98992907962312 53629.5
      48.712944 2.167306 200.27 -653.657260444793 272.617286006407 -8.98992907962312 53630
      48.712944 2.167306 200.27 -653.657260444793 272.617286006407 -8.98992907962312 53630.5
      48.712944 2.167306 200.27 -653.657260444793 272.617286006407 -8.98992907962312 53631
      48.712944 2.167306 200.27 -653.657260444793 272.617286006407 -8.98992907962312 53631.5
      48.712944 2.167306 200.27 -653.657260444793 272.617286006407 -8.98992907962312 53632
      48.712944 2.167307 200.25 -653.583664727699 272.617276579463 -9.00992155102151 53632.5
      48.712944 2.167314 200.25 -653.068509028418 272.617216604382 -9.00986888108255 53633
      48.712943 2.167329 200.23 -651.964614838439 272.505879723538 -9.02975140191086 53633.5
      48.712943 2.16735 200.21 -650.419145679112 272.505699531398 -9.0495939090593 53634
      48.712942 2.167377 200.2 -648.432128361765 272.394261487268 -9.05938721415185 53634.5
      48.712942 2.167409 200.19 -646.077129792886 272.393989438367 -9.06914867604991 53635
      48.712941 2.167445 200.17 -643.427768281682 272.28247652457 -9.08887660773811 53635.5
      48.712941 2.167481 200.16 -640.778394985852 272.282172954732 -9.09861038804254 53636
      48.712941 2.167516 200.12 -638.202612376557 272.281877722256 -9.1383526172213 53636.5
      48.712942 2.167552 200.11 -635.553226514016 272.39278428276 -9.14809331613571 53637
      48.712944 2.167589 200.09 -632.830233561927 272.614891033071 -9.16783258206465 53637.5
      48.712947 2.167626 200.11 -630.107232299376 272.948208478517 -9.14757777849107 53638
      48.712951 2.167663 200.15 -627.384220873554 273.392735771393 -9.10732892346934 53638.5
      48.712959 2.167702 200.2 -624.513974007603 274.282079105155 -9.05708600114542 53639
      48.712969 2.16774 200.23 -621.717295056736 275.393846545866 -9.02686125712211 53639.5
      48.712981 2.167781 200.34 -618.699819549267 276.728009856479 -8.91662620635549 53640
      48.712995 2.167822 200.42 -615.682318079698 278.284588872274 -8.8364025666589 53640.5
      48.713009 2.167866 200.44 -612.444031719728 279.841142818291 -8.81615956764344 53641
      48.713022 2.167913 200.45 -608.984977575593 281.286466570447 -8.80589263775337 53641.5
      48.713032 2.167965 200.46 -605.157993475066 282.398129751999 -8.79557825754085 53642
      48.713038 2.16802 200.45 -601.110276054784 283.064940315878 -8.80522581940008 53642.5
      48.713042 2.168079 200.44 -596.768209150915 283.509307140397 -8.8148386189871 53643
      48.713042 2.168141 200.44 -592.205410245283 283.508823776509 -8.81441413025252 53643.5
       48.71304 2.168203 200.4 -587.642630951966 283.285926999966 -8.85398300857526 53644
      48.713038 2.168265 200.44 -583.079858652872 283.063037490779 -8.81355515458486 53644.5
      48.713035 2.168326 200.5 -578.59069275132 282.728952488408 -8.75313229406242 53645
      48.713032 2.168386 200.56 -574.175119777754 282.394878602892 -8.69271921739963 53645.5
      48.713029 2.168445 200.57 -569.833135288993 282.060813443463 -8.68231577282373 53646
      48.713024 2.168503 200.53 -565.564761816715 281.5043415012 -8.72191197755495 53646.5
      48.713019 2.16856 200.5 -561.369981994749 280.947880615629 -8.75151754879033 53647
      48.713014 2.168617 200.42 -557.175197020817 280.391420671199 -8.83112592283149 53647.5
      48.713009 2.168673 200.41 -553.054010956013 279.834974202092 -8.84074346394462 53648
      48.713004 2.168728 200.4 -549.006417672567 279.278537961762 -8.85037003751836 53648.5
      48.712999 2.168781 200.41 -545.106012491171 278.722119814556 -8.84001177757608 53649
      48.712995 2.168831 200.44 -541.426378290724 278.276934216717 -8.80967950335622 53649.5
       48.71299 2.16888 200.43 -537.820344369436 277.720548665463 -8.8193507270293 53650
      48.712985 2.168925 200.35 -534.508678344583 277.164190419117 -8.89904864876669 53650.5
       48.71298 2.168968 200.28 -531.344199816191 276.607848510903 -8.96876057267491 53651
      48.712974 2.169006 200.2 -528.547698506873 275.940334944218 -9.04849972094073 53651.5
      48.712968 2.16904 200.14 -526.04557278924 275.272851238249 -9.1082643910249 53652
       48.71296 2.169068 199.88 -523.985012753072 274.382985933259 -9.36805672219973 53652.5
       48.71295 2.169093 200.14 -522.145296372396 273.270748984517 -9.10785833905396 53653
      48.712937 2.169116 200.25 -520.452785197061 271.824896791637 -8.99765842597287 53653.5
      48.712922 2.169135 200.28 -519.054661974405 270.156653552319 -8.9674737608477 53654
       48.71291 2.169152 199.84 -517.803656491854 268.822027404069 -9.40731582710804 53654.5
      48.712889 2.169168 200.13 -516.626395475729 266.48657016352 -9.1171224380187 53655
      48.712868 2.169174 199.94 -516.185032445284 264.151160711818 -9.3069895266086 53655.5
      48.712842 2.169175 199.94 -516.111704595568 261.259754779506 -9.30686439078421 53656
      48.712814 2.169169 199.86 -516.553547660243 258.14597769801 -9.38677317891401 53656.5
      48.712782 2.169162 199.82 -517.069029324972 254.587378498438 -9.42667168713858 53657
      48.712747 2.169153 199.79 -517.731731125331 250.69517041505 -9.45657101540853 53657.5
      48.712709 2.169141 199.75 -518.615245872425 246.469359521204 -9.49647779404827 53658
      48.712667 2.169129 199.73 -519.49880474462 241.798718997401 -9.51637060267016 53658.5
      48.712623 2.169115 199.69 -520.529572344417 236.905676277478 -9.55627067409162 53659
      48.712578 2.1691 199.66 -521.633947078425 231.901433400521 -9.58617663096246 53659.5
      48.712532 2.169084 199.65 -522.811930031521 226.785990747622 -9.59608877065685 53660
      48.712485 2.169068 199.61 -523.989923051484 221.559339707017 -9.63600136658795 53660.5
      48.712437 2.169051 199.6 -525.241525526184 216.221489283324 -9.64592074308418 53661
      48.712389 2.169035 199.56 -526.419533431927 210.883631302131 -9.68583877179033 53661.5
      48.712343 2.169019 199.47 -527.597518523737 205.768187350056 -9.77576866850457 53662
      48.712297 2.169005 199.43 -528.628320654382 200.652731539242 -9.8156907110871 53662.5
      48.712255 2.168991 199.42 -529.659085151512 195.982107503128 -9.82563069017445 53663
      48.712216 2.168979 199.52 -530.542639495041 191.645096008984 -9.72557206015584 53663.5
      48.712179 2.168967 199.56 -531.426169178934 187.530498065682 -9.68552304505739 53664
      48.712146 2.168958 199.58 -532.088871824401 183.860709281355 -9.66547123710733 53664.5
      48.712114 2.168948 199.62 -532.825161324743 180.302135766754 -9.62543089439338 53665
      48.712084 2.16894 199.66 -533.414240782225 176.965963612433 -9.58538650652382 53665.5
      48.712057 2.168933 199.67 -533.929691734513 173.963406595611 -9.57534686889343 53666
      48.712032 2.168927 199.66 -534.37152538993 171.183257364023 -9.58530850273129 53666.5
      48.712008 2.168923 199.68 -534.666161333455 168.514302594499 -9.56526200222521 53667
      48.711985 2.168919 199.67 -534.960784446042 165.956554692337 -9.57521952662792 53667.5
      48.711964 2.168917 199.66 -535.108196423633 163.621208063789 -9.58517146966324 53668
      48.711943 2.168917 199.63 -535.108416599287 161.285846910846 -9.61511194670354 53668.5
      48.711923 2.168919 199.61 -534.961436701412 159.061679641656 -9.63504372846079 53669
      48.711904 2.168923 199.6 -534.667256564459 156.948706253648 -9.64496671228221 53669.5
      48.711887 2.16893 199.61 -534.152271082501 155.058127635008 -9.63487735637941 53670
      48.711871 2.168941 199.58 -533.342890421384 153.278727749923 -9.66476670245629 53670.5
      48.711857 2.168955 199.56 -532.312703234514 151.721722562034 -9.68464354142718 53671
      48.711844 2.168976 199.57 -530.767340571611 150.275877170907 -9.67448073714152 53671.5
      48.711833 2.169003 199.57 -528.78038359962 149.05240561336 -9.67428727714162 53672
      48.711824 2.169037 199.53 -526.278234507612 148.05130076459 -9.71405738570897 53672.5
      48.711819 2.169077 199.52 -523.334473670888 147.494987072724 -9.72380273129383 53673
      48.711816 2.169123 199.48 -519.949117344563 147.161048569568 -9.76351866724417 53673.5
      48.711814 2.169175 199.47 -516.122180981824 146.938279807938 -9.77320329800558 53674
      48.711812 2.169234 199.44 -511.780075531011 146.715466193474 -9.80284894963822 53674.5
       48.71181 2.1693 199.41 -506.922802565145 146.492609380683 -9.83245667206454 53675
      48.711808 2.169373 199.38 -501.550362030022 146.269710707493 -9.86202763777142 53675.5
      48.711805 2.169452 199.36 -495.736359792155 145.93557075548 -9.88156630968928 53676
        48.7118 2.169613 199.31 -483.887557009785 145.378497289521 -9.93064539240778 53677
      48.711798 2.169698 199.31 -477.631972944925 145.155546128714 -9.93016969437936 53677.5
      48.711795 2.169788 199.22 -471.008414407498 144.821361369172 -10.0196704637332 53678
      48.711793 2.16988 199.19 -464.237659748997 144.598381247184 -10.0491699459666 53678.5
      48.711791 2.169975 199.16 -457.246118593791 144.375391301126 -10.0786608081684 53679
      48.711789 2.170071 199.13 -450.18098160543 144.152404164816 -10.1081541416014 53679.5
      48.711787 2.170169 199.1 -442.968653430145 143.929414305168 -10.1376450908436 53680
      48.711785 2.170268 199.06 -435.682728719229 143.706427774573 -10.1771391682785 53680.5
      48.711782 2.170368 199.03 -428.323217328078 143.372237692695 -10.2066341238038 53681
       48.71178 2.170469 199 -420.890101432366 143.149259368745 -10.2361352247322 53681.5
      48.711777 2.17057 198.96 -413.456992562414 142.815083043458 -10.2756424844755 53682
      48.711774 2.170671 198.92 -406.023882900377 142.480916569758 -10.315158408247 53682.5
      48.711771 2.170772 198.89 -398.590773070088 142.14676016944 -10.3446829948765 53683
      48.711766 2.170872 198.83 -391.231271464718 141.590202838476 -10.4042158057787 53683.5
       48.71176 2.170972 198.81 -383.871778547865 140.922448436839 -10.4237546812102 53684
      48.711751 2.17107 198.79 -376.65949709955 139.921090711024 -10.4433034412468 53684.5
       48.71174 2.171167 198.75 -369.520822019422 138.69733143673 -10.4828599113713 53685
      48.711728 2.171261 198.71 -362.602937379555 137.362387904135 -10.522434715882 53685.5
      48.711714 2.171352 198.69 -355.905851088759 135.805052110557 -10.5420248384217 53686
      48.711698 2.171438 198.68 -349.576752865194 134.025332211879 -10.5516377997864 53686.5
      48.711682 2.171521 198.62 -343.468434442644 132.245631932568 -10.6112693882855 53687
      48.711665 2.171597 198.61 -337.875290214335 130.354762742914 -10.620932252434 53687.5
      48.711648 2.171666 198.57 -332.797309473802 128.463929059642 -10.6606273855468 53688
       48.71163 2.171726 198.57 -328.381694041655 126.461931901353 -10.6603589073275 53688.5
      48.711613 2.171777 198.53 -324.628427351354 124.571183332201 -10.7001298967382 53689
      48.711596 2.171822 198.46 -321.316730376665 122.680461988916 -10.7699258385689 53689.5
      48.711578 2.171865 198.42 -318.152230323833 120.678543948055 -10.8097292783089 53690
      48.711558 2.171907 198.38 -315.061336208562 118.454216639646 -10.849534403881 53690.5
      48.711536 2.171949 198.37 -311.970453510621 116.007476402233 -10.8593377478473 53691
      48.711511 2.171992 198.38 -308.805991716124 113.227111367089 -10.8491340319248 53691.5
      48.711486 2.172033 198.41 -305.78871928683 110.446756485485 -10.8189401386368 53692
      48.711464 2.172076 198.41 -302.624232799581 108.000017586609 -10.8187475558776 53692.5
      48.711446 2.172122 198.47 -299.238935118775 105.99810012839 -10.7585545217793 53693
      48.711434 2.17217 198.46 -295.706404834235 104.663421422074 -10.7683680198415 53693.5
      48.711428 2.17222 198.49 -292.026648244552 103.995983578046 -10.738187875587 53694
      48.711428 2.172273 198.44 -288.126065264627 103.995781145494 -10.788010815674 53694.5
      48.711434 2.172328 198.39 -284.078256845732 104.662819605258 -10.8378405158368 53695
      48.711441 2.172387 198.3 -279.73605878385 105.441053237602 -10.9276617954223 53695.5
      48.711446 2.172449 198.19 -275.173084602322 105.996863838461 -11.0374729054051 53696
      48.711447 2.172516 198.14 -270.242156317605 106.107830993218 -11.0872643283691 53696.5
      48.711441 2.172586 198.07 -265.090476760695 105.440338510574 -11.1570374660619 53697
      48.711428 2.172659 198.17 -259.718051486377 103.99439012906 -11.0567930994381 53697.5
      48.711407 2.172732 198.15 -254.345658821257 101.658784107291 -11.0765393217515 53698
      48.711382 2.172808 198.15 -248.752494454191 98.8783433713793 -11.0762754012147 53698.5
      48.711355 2.172889 198.22 -242.791357014614 95.8754781397877 -11.0060002485289 53699
      48.711328 2.172974 198.24 -236.535827188685 92.8726060470553 -10.985721166938 53699.5
      48.711302 2.173059 198.28 -230.280286786336 89.9809488053623 -10.945451192298 53700
      48.711278 2.173145 198.32 -223.951134900587 87.31171077686 -10.9051891200571 53700.5
      48.711254 2.173233 198.33 -217.474783663578 84.6424737617768 -10.8949294217951 53701
      48.711231 2.173324 198.32 -210.777632959365 82.0844432696871 -10.9046715495067 53701.5
      48.711206 2.173417 198.37 -203.933293804576 79.3040009828946 -10.8544142523483 53702
       48.71118 2.173511 198.42 -197.015355442379 76.412356827611 -10.8041618967614 53702.5
      48.711152 2.173606 198.47 -190.023821111607 73.2983034706452 -10.7539135902731 53703
      48.711123 2.173703 198.48 -182.885088778365 70.0730459503155 -10.7436690136468 53703.5
      48.711092 2.1738 198.47 -175.746354632471 66.6253821052367 -10.7534317193645 53704
      48.711061 2.173899 198.43 -168.460418151153 63.1777226504853 -10.7932003806709 53704.5
      48.711028 2.174 198.41 -161.027286810325 59.5076534846079 -10.8129734230823 53705
      48.710994 2.1741 198.42 -153.667746053556 55.7263888870239 -10.8027580213164 53705.5
       48.71096 2.174201 198.38 -146.234597667115 51.9451316247939 -10.8425516537549 53706
      48.710927 2.174303 198.36 -138.727840448759 48.2750902056135 -10.8623554204984 53706.5
      48.710896 2.174406 198.32 -131.147471210944 44.8274721996043 -10.9021701672215 53707
      48.710868 2.17451 198.3 -123.493489117599 41.7134857842048 -10.9219965258558 53707.5
      48.710842 2.174614 198.35 -115.839495255952 38.821925455556 -10.871834924786 53708
      48.710818 2.174719 198.4 -108.111892348003 36.1527893039293 -10.8216838128888 53708.5
      48.710796 2.174824 198.46 -100.384278147007 33.7060790032172 -10.7615443390325 53709
      48.710777 2.174929 198.5 -92.6566512644893 31.593001995583 -10.7214167939111 53709.5
       48.71076 2.175034 198.56 -84.9290153658623 29.7023508925048 -10.66130032772 53710
      48.710744 2.17514 198.57 -77.1277751200492 27.9229167665304 -10.6511933626555 53710.5
      48.710729 2.175244 198.65 -69.4737230566694 26.2547031883229 -10.5710984753152 53711
      48.710714 2.175347 198.68 -61.8932626739191 24.5865006302923 -10.5410139047682 53711.5
      48.710699 2.175449 198.72 -54.3863947270482 22.9183090467821 -10.5009393895999 53712
      48.710684 2.175544 198.77 -47.3947009550833 21.250131851302 -10.4508779287839 53712.5
      48.710667 2.175633 198.83 -40.8445864417178 19.3595513735294 -10.3908266808923 53713
      48.710648 2.175713 198.86 -34.956841632826 17.2465673173094 -10.3607856924544 53713.5
      48.710627 2.175784 198.89 -29.7314668085386 14.9111776976256 -10.3307533525122 53714
      48.710607 2.175846 198.94 -25.1684607663612 12.6870034980943 -10.2807289336288 53714.5
      48.710587 2.175902 198.93 -21.0470334094693 10.4628345231753 -10.2907099911407 53715
      48.710568 2.175954 198.95 -17.2199910324632 8.34987712342405 -10.2706954132179 53715.5
      48.710552 2.176004 199.01 -13.5401393303683 6.5705455182616 -10.2106844739093 53716
      48.710537 2.176053 199.05 -9.9338821682026 4.90242401247124 -10.1706763496115 53716.5
      48.710525 2.1761 199.08 -6.47481680432976 3.56792777135635 -10.1406710210967 53717
      48.710515 2.176144 199.14 -3.2365412633383 2.45584898860955 -10.0806680351785 53717.5
      48.710505 2.176183 199.14 -0.366250460671415 1.34377205505702 -10.0806668945361 53718
      48.710494 2.176218 199.15 2.20965260231817 0.120488867113048 -10.0706671237864 53718.5
      48.710479 2.176249 199.11 4.4911681219362 -1.54762377490846 -10.110668507417 53719
      48.710461 2.176276 199.07 6.47829625236786 -3.54935860996869 -10.1506710137646 53719.5
       48.71044 2.176297 199.02 8.02384240595773 -5.88471614286621 -10.2006744983453 53720
      48.710417 2.176314 199.01 9.27500088735523 -8.44248894488395 -10.2106790655953 53720.5
      48.710393 2.176332 199.06 10.5997581916761 -11.1114690121636 -10.1606852212683 53721
       48.71037 2.176356 199.06 12.3661009220067 -13.6692401375115 -10.1606933691956 53721.5
      48.710353 2.176386 199.09 14.574028274136 -15.5597640607575 -10.1307023591464 53722
       48.71034 2.17642 199.12 17.0763456320006 -17.0054558473499 -10.1007122499319 53722.5
      48.710334 2.176456 199.15 19.7258565188686 -17.6726928277069 -10.0707216940468 53723
      48.710333 2.176493 199.23 22.4489634871515 -17.7838904176598 -9.99073098952131 53723.5
      48.710338 2.176529 199.25 25.0984699410835 -17.227841250866 -9.9707393189896 53724
      48.710348 2.176563 199.25 27.6007781569289 -16.1157535020474 -9.97074672749587 53724.5
      48.710364 2.176594 199.2 29.8822892980221 -14.3364201032948 -10.0207527358128 53725
      48.710384 2.17662 199.14 31.7958093919474 -12.1122574823299 -10.080757354592 53725.5
       48.71041 2.176639 199.04 33.1941422371143 -9.22085166450337 -10.1807596247943 53726
      48.710438 2.176649 198.95 33.9300964724003 -6.10703443784187 -10.2707597444346 53726.5
      48.710469 2.176649 198.88 33.930075257787 -2.65959890747741 -10.3407573731358 53727
      48.710501 2.176635 198.85 32.8996925171802 0.899038031524271 -10.3707514928629 53727.5
      48.710531 2.17661 198.9 31.05974382081 4.23525546973136 -10.3207436292778 53728
      48.710561 2.176575 198.98 28.4838260903847 7.57146983075179 -10.2407347201477 53728.5
       48.71059 2.176532 199.07 25.319135178132 10.7964752056417 -10.1507260449298 53729
      48.710622 2.176484 199.13 21.7864611640907 14.3551037745942 -10.0907200491183 53729.5
      48.710659 2.176435 199.1 18.1801925067833 18.469772179444 -10.1207193719217 53730
      48.710703 2.176388 199.07 14.7211210037788 23.3628964990475 -10.1507265282544 53730.5
      48.710752 2.176343 198.97 11.4092480345567 28.8120609439121 -10.2507420682182 53731
      48.710806 2.176295 198.89 7.87659049959959 34.8172650247926 -10.3307667237477 53731.5
      48.710861 2.176247 198.8 4.34394052050226 40.9336787728121 -10.4207997020908 53732
      48.710917 2.176198 198.64 0.737701706477927 47.1613017049372 -10.5808413209473 53732.5
      48.710974 2.176148 198.48 -2.94212539134545 53.5001343380558 -10.7408920247624 53733
      48.711035 2.176096 198.3 -6.76913631422544 60.2837995042956 -10.9209555036937 53733.5
      48.711099 2.176042 198.18 -10.7433299171972 67.4010906661759 -11.0410322609595 53734
      48.711165 2.175984 198.01 -15.0118975557896 74.7407998398836 -11.2111227316174 53734.5
      48.711233 2.175921 197.84 -19.6484337366567 82.3029284121028 -11.3812284972778 53735
      48.711303 2.175857 197.71 -24.3585524009382 90.0874765676483 -11.5113500222148 53735.5
      48.711373 2.175794 197.55 -28.9950617373339 97.8720276142496 -11.6714841955691 53736
      48.711443 2.175732 197.38 -33.5579620974207 105.656581587444 -11.8416308574397 53736.5
      48.711515 2.17567 197.2 -38.1208479850931 113.663553945011 -12.0217942503078 53737
      48.711588 2.175608 197 -42.6837196155418 121.781736864703 -12.2219730882731 53737.5
      48.711663 2.175546 196.8 -47.2465758860698 130.12233825232 -12.42217006541 53738
       48.71174 2.175486 196.57 -51.6622252394283 138.6853560877 -12.652384864348 53738.5
      48.711819 2.175426 196.37 -56.0778588396383 147.47079274239 -12.8526193650456 53739
      48.711899 2.175369 196.17 -60.2726916908835 156.367437641881 -13.0528696726854 53739.5
      48.711979 2.175314 195.93 -64.3203205152902 165.264082516218 -13.2931336734827 53740
      48.712061 2.175259 195.83 -68.3679349895304 174.383148737158 -13.3934187414728 53740.5
      48.712143 2.175205 195.66 -72.3419406009884 183.502214755123 -13.5637185937159 53741
      48.712225 2.175152 195.53 -76.2423388962261 192.621283441314 -13.6940330880319 53741.5
      48.712308 2.175099 195.46 -80.1427235201597 201.851564067151 -13.7643665354811 53742
      48.712391 2.175046 195.42 -84.0430956216822 211.08184832746 -13.8047157339627 53742.5
      48.712474 2.174991 195.39 -88.0906435838037 220.312137970777 -13.8350827138172 53743
      48.712556 2.174937 195.43 -92.0645868447897 229.431224317521 -13.7954605605728 53743.5
      48.712638 2.174883 195.47 -96.0385172392923 238.550313724062 -13.7558539304325 53744
      48.712719 2.17483 195.5 -99.9388426471399 247.558196906418 -13.7262573497149 53744.5
        48.7128 2.174777 195.57 -103.839156219105 256.566084623521 -13.6566758826575 53745
       48.71288 2.174724 195.63 -107.739459320641 265.462767373561 -13.5971048984674 53745.5
      48.712959 2.174673 195.67 -111.492564795343 274.248241748624 -13.5575413585803 53746
      48.713037 2.174624 195.72 -115.098474060051 282.922508699265 -13.5079845456023 53746.5
      48.713114 2.174575 195.77 -118.704374584949 291.485570626413 -13.4584364875701 53747
      48.713191 2.174527 195.76 -122.236669751937 300.048630691346 -13.4689005629233 53747.5
      48.713266 2.174479 195.77 -125.768959505188 308.389278843279 -13.4593673298781 53748
      48.713341 2.174432 195.84 -129.227646939906 316.729930642652 -13.3898454810828 53748.5
      48.713413 2.174384 195.8 -132.759922709698 324.736958196677 -13.4303209360785 53749
      48.713483 2.174338 195.83 -136.145009578669 332.52157285243 -13.4007936568085 53749.5
       48.71355 2.174294 195.84 -139.382909470552 339.972562186174 -13.3912566625843 53750
      48.713613 2.174254 195.75 -142.326439268721 346.978710163378 -13.4816992165786 53750.5
      48.713673 2.174217 195.69 -145.04919328264 353.651232712194 -13.542127290039 53751
      48.713728 2.174183 195.6 -147.551177293218 359.767711012864 -13.6325269905772 53751.5
      48.713779 2.174152 195.48 -149.832389770889 365.439352288635 -13.7529028325368 53752
      48.713825 2.174121 195.54 -152.113616908756 370.554966798789 -13.693252176688 53752.5
      48.713866 2.174092 195.5 -154.247668267343 375.11453441852 -13.7335701279819 53753
      48.713903 2.174064 195.51 -156.308137532384 379.229273339328 -13.723863766313 53753.5
      48.713936 2.174034 195.63 -158.515803406556 382.899193404189 -13.6041376274435 53754
      48.713965 2.174002 195.67 -160.870661465363 386.124283432693 -13.5643910968206 53754.5
      48.713991 2.173971 195.77 -163.151935990184 389.015753201311 -13.4646248113625 53755
      48.714014 2.173939 195.88 -165.506810391331 391.573603949633 -13.3548420442031 53755.5
      48.714033 2.173909 196 -167.714512226282 393.686621545833 -13.2350298080844 53756
       48.71405 2.173883 196.11 -169.627850904993 395.577215335929 -13.1251974048488 53756.5
      48.714064 2.173859 196.21 -171.394014306566 397.134181871697 -13.0253413807621 53757
      48.714078 2.173837 196.31 -173.012992837514 398.691144476732 -12.9254822393744 53757.5
      48.714091 2.173817 196.39 -174.484789525304 400.13689414304 -12.8456128828458 53758
      48.714105 2.173795 196.48 -176.10376615064 401.693857108768 -12.7557552569053 53758.5
       48.71414 2.173743 196.75 -179.930429588771 405.586262552169 -12.4861084356344 53759.5
      48.714159 2.173712 196.88 -182.211713196659 407.699289449637 -12.3563079275177 53760
      48.714178 2.173678 197.01 -184.713770684432 409.812324629514 -12.2265153127257 53760.5
      48.714196 2.173644 197.12 -187.215829513965 411.814152089013 -12.1167171907163 53761
      48.714214 2.17361 197.19 -189.717885456845 413.815978140766 -12.0469206774852 53761.5
      48.714235 2.173576 197.29 -192.219929143164 416.151430239821 -11.9471475528363 53762
       48.71426 2.173543 197.38 -194.648363364177 418.931710897417 -11.8574032518005 53762.5
      48.714288 2.173512 197.43 -196.929598937168 422.045607816394 -11.8076786396346 53763
      48.714321 2.173483 197.5 -199.063629632642 425.715540067029 -11.7379889021181 53763.5
      48.714359 2.17346 197.54 -200.756087238304 429.941493635617 -11.6983255964749 53764
        48.7144 2.17344 197.64 -202.227757624084 434.501066871199 -11.5986812930659 53764.5
      48.714445 2.173422 197.66 -203.55222405932 439.505460422266 -11.579066568421 53765
      48.714491 2.173403 197.65 -204.950274503764 444.621062601769 -11.5894661684233 53765.5
      48.714536 2.173383 197.65 -206.421918126989 449.625460915344 -11.5898647092993 53766
      48.714581 2.173361 197.66 -208.04074195964 454.629865820655 -11.5802723111157 53766.5
      48.714625 2.173335 197.67 -209.953931827552 459.523074597561 -11.5706858968851 53767
      48.714668 2.173303 197.71 -212.308670328582 464.30509529889 -11.5311103617141 53767.5
      48.714708 2.173264 197.73 -215.178554428932 468.753512367175 -11.511532059023 53768
      48.714745 2.173218 197.73 -218.563583393321 472.868326542711 -11.5119509820138 53768.5
      48.714778 2.173165 197.74 -222.463762113706 476.538333296094 -11.5023589863837 53769
      48.714807 2.173106 197.74 -226.805498891528 479.763529227586 -11.5027536333312 53769.5
      48.714831 2.173042 197.75 -231.515208401128 482.43270615814 -11.493124060676 53770
       48.71485 2.172973 197.77 -236.592891541423 484.545865021227 -11.4734703829292 53770.5
      48.714876 2.172827 197.76 -247.337029801615 487.437726732138 -11.4840977662513 53771.5
      48.714898 2.172676 197.63 -258.449126527235 489.884786080344 -11.6147251841263 53772.5
      48.714911 2.172602 197.65 -263.894777973006 491.330740652595 -11.595059078203 53773
      48.714928 2.172531 197.54 -269.119627573124 493.221510510077 -11.7054230560217 53773.5
      48.714949 2.172463 197.42 -274.123679148307 495.557104231317 -11.8258169725278 53774
      48.714975 2.172401 197.35 -278.686156834443 498.448722578563 -11.8962398644196 53774.5
      48.715005 2.172346 197.35 -282.733475936713 501.78515474133 -11.896679526626 53775
      48.715039 2.1723 197.29 -286.118449556091 505.566381899759 -11.9571290861295 53775.5
      48.715077 2.172261 197.25 -288.988262818761 509.79241672168 -11.997594938263 53776
      48.715117 2.172229 197.21 -291.342926879241 514.240841531582 -12.0380593189569 53776.5
      48.715159 2.172206 197.17 -293.035261880199 518.911647992267 -12.0785153750292 53777
      48.715202 2.172192 197.14 -294.065275575021 523.693628669024 -12.1089539280928 53777.5
      48.715247 2.172187 197.08 -294.4329619316 528.697987561545 -12.1693841323494 53778
      48.715291 2.172192 197.02 -294.064751349588 533.591100154531 -12.2297750668074 53778.5
      48.715379 2.172233 196.88 -291.047038676022 543.377204753493 -12.3704639546036 53779.5
       48.71542 2.172269 196.89 -288.397561831725 547.936582732932 -12.3607342864021 53780
      48.715456 2.172314 196.81 -285.085803858166 551.93988223854 -12.440931208787 53780.5
      48.715487 2.172368 196.76 -281.111770631929 555.387114744411 -12.4910547001266 53781
      48.715512 2.172428 196.64 -276.696232960417 558.167076173981 -12.611104908276 53781.5
       48.71553 2.172494 196.51 -271.839198034652 560.168565133998 -12.7410720971458 53782
      48.715541 2.172564 196.32 -266.687841948301 561.391585387981 -12.9309626822671 53782.5
      48.715545 2.172636 196.12 -261.389344627076 561.836149039171 -13.1307829452546 53783
      48.715542 2.17271 195.86 -255.943701936917 561.502252167528 -13.3905330881734 53783.5
      48.715531 2.172787 195.58 -250.277328439943 560.278687907402 -13.6702009503528 53784
      48.715511 2.172864 195.41 -244.611000811323 558.054270437002 -13.83978633606 53784.5
      48.715483 2.172941 195.16 -238.94470388604 554.940190812337 -14.0892999767175 53785
       48.71545 2.173017 194.92 -233.352014552356 551.270082980885 -14.3287747204583 53785.5
      48.715412 2.173094 194.68 -227.685750884232 547.043939943986 -14.5682060882884 53786
       48.71537 2.173172 194.42 -221.9459059455 542.372967910095 -14.8276048466868 53786.5
      48.715325 2.173255 194.14 -215.838113450108 537.368363486711 -15.1069716013047 53787
      48.715277 2.173341 193.81 -209.509550837362 532.030130965952 -15.4363130159862 53787.5
      48.715228 2.173433 193.49 -202.739439602361 526.580683444156 -15.7556419541357 53788
      48.715176 2.17353 193.14 -195.601374952056 520.797606631507 -16.1049441743089 53788.5
      48.715124 2.173632 192.82 -188.095345218829 515.014529664947 -16.4242487751051 53789
      48.715072 2.173736 192.5 -180.442119806343 509.231458637348 -16.7435632841301 53789.5
      48.715022 2.173842 192.28 -172.641694140014 503.67081718776 -16.9629058070074 53790
      48.714971 2.17395 191.94 -164.69407248137 497.998965749206 -17.3022502168565 53790.5
      48.714919 2.174063 191.57 -156.378484513009 492.215906085372 -17.6715919521325 53791
      48.714866 2.174181 191.24 -147.694930401749 486.321645276244 -18.0009327539066 53791.5
      48.714811 2.174298 190.83 -139.084953554381 480.20497928244 -18.4102756437941 53792
      48.714756 2.174422 190.01 -129.959814288709 474.088284885589 -19.2296255076912 53792.5
      48.714703 2.174549 189.45 -120.613884649984 468.194036331697 -19.789006441503 53793
      48.714652 2.174678 188.92 -111.120751025151 462.522218697655 -20.3184200785662 53793.5
      48.714602 2.174807 188.43 -101.627598405508 456.961628479256 -20.8078608422242 53794
      48.714552 2.174937 188.01 -92.0608382499115 451.401058975996 -21.2273195008147 53794.5
      48.714506 2.175068 188 -82.4204678910166 446.285364106894 -21.2368275270041 53795
      48.714457 2.175199 187.59 -72.7800797558296 440.836035732646 -21.6463311129356 53795.5
       48.71441 2.17533 187.17 -63.1396715318438 435.609138917969 -22.0658691046981 53796
      48.714363 2.175462 186.75 -53.4256551677826 430.382258697354 -22.4854253133716 53796.5
      48.714316 2.175595 186.35 -43.6380306091821 425.15539678473 -22.8850000738286 53797
      48.714271 2.17573 185.93 -33.7032044502201 420.150965324903 -23.3046079980606 53797.5
      48.714225 2.175865 185.51 -23.7683623475495 415.035344717611 -23.7242280554795 53798
      48.714179 2.176003 185.08 -13.6127283258336 409.919741230358 -24.1538671897064 53798.5
      48.714134 2.176143 184.67 -3.30989358182058 404.915365455038 -24.5635335622255 53799
      48.714088 2.176286 184.21 7.21373375780841 399.799799009311 -25.0232137417476 53799.5
      48.714042 2.17643 183.77 17.8109707065784 394.684254551394 -25.4629155670789 53800
      48.713949 2.176724 183.08 39.4470521761282 384.342035075943 -26.1523802607242 53801
      48.713856 2.177018 182.55 61.0832102563922 373.999910817511 -26.6819350009831 53802
      48.713762 2.177314 181.66 82.8666260102539 363.546646133076 -27.5715753475787 53803
      48.713669 2.177608 180.58 104.502926892599 353.20466316529 -28.6513108601007 53804
      48.713573 2.177903 179.52 126.212900623508 342.529148067988 -29.7111199289308 53805
      48.713476 2.178202 178.64 148.21732744311 331.742530531177 -30.5910216769138 53806
      48.713379 2.178502 177.67 170.295423177441 320.956000138216 -31.5610194201154 53807
      48.713283 2.178804 176.74 192.520780291703 310.280774331633 -32.4911215553996 53808
      48.713187 2.179108 175.77 214.893400225299 299.605643596356 -33.4613238286273 53809
      48.713091 2.179413 174.86 237.339693880094 288.930611318917 -34.3716250530109 53810
      48.712994 2.179719 173.94 259.859664579165 278.144467812695 -35.2920211496249 53811
      48.712899 2.180027 173.07 282.52689323151 267.580841866656 -36.1625307167984 53812
      48.712807 2.180338 172.08 305.414957817551 257.350939229632 -37.1531622214677 53813
      48.712718 2.18065 171.16 328.376676504305 247.454761772347 -38.0739088622434 53814
      48.712631 2.180964 170.18 351.485639905096 237.781102532721 -39.054769775346 53815
      48.712548 2.181281 169.2 374.815427871595 228.552384791115 -40.0357578348674 53816
      48.712468 2.1816 168.21 398.292449116716 219.657398407507 -41.0268651061192 53817
      48.712392 2.181918 167.2 421.695908663378 211.207335257404 -42.0380809221836 53818
      48.712318 2.182234 166.23 444.952228051842 202.979776221286 -43.0093904914241 53819
      48.712244 2.182553 164.71 468.429351126403 194.752317789623 -44.5308115077182 53820
      48.712172 2.182868 163.91 491.612190282346 186.747370925936 -45.3323132689013 53821
      48.712102 2.183178 162.84 514.427075274084 178.964894620715 -46.4038858058906 53822
      48.712033 2.183488 161.6 537.241990966733 171.293716185098 -47.6455522935812 53823
      48.711964 2.18379 160.7 559.468232814896 163.622583590443 -48.5472579068238 53824
      48.711892 2.184085 159.65 581.179386927588 155.617863421284 -49.5989950414504 53825
      48.711817 2.184373 158.65 602.375472549734 147.279555067344 -50.6007597023161 53826
      48.711735 2.184652 157.56 622.909337756086 138.162805684989 -51.6925240708157 53827
      48.711644 2.184927 156.65 643.149015293946 128.045242659672 -52.604317655272 53828
      48.711544 2.185193 155.8 662.726527777147 116.926816755499 -53.4561042597085 53829
      48.711437 2.185453 154.87 681.862626648903 105.029959389664 -54.3879102498976 53830
       48.71132 2.185711 153.89 700.851743496583 92.0210835942908 -55.369763478544 53831
      48.711196 2.185964 153 719.473074158203 78.2337825885796 -56.2616486694299 53832
      48.711063 2.186207 152.07 737.358659542665 63.4455892654344 -57.1935229747146 53833
      48.710925 2.186435 151.13 754.140466871614 48.1012752200473 -58.1353470850214 53834
       48.71078 2.186651 150.29 770.039325001458 31.9784482482201 -58.9771418085024 53835
       48.71063 2.186857 149.43 785.202381095443 15.2995342329759 -59.8389250722426 53836
      48.710553 2.186957 149 792.563183120451 6.73764980401769 -60.2698189490869 53836.5
      48.710475 2.187054 148.54 799.703228677292 -1.9354618729466 -60.7307052144672 53837
      48.710395 2.187149 148.11 806.696137459165 -10.8309977212592 -61.1615930615961 53837.5
      48.710315 2.187244 147.72 813.689072556691 -19.7265236551315 -61.5525009847954 53838
      48.710235 2.187337 147.37 820.534840075802 -28.6220613644911 -61.9034100785747 53838.5
      48.710157 2.187428 146.99 827.233397623571 -37.2951977767184 -62.2843185624489 53839
      48.710079 2.187518 146.62 833.858379147599 -45.9683360496459 -62.6552362736617 53839.5
      48.710002 2.187607 146.23 840.409763751989 -54.5302695599822 -63.0461620252181 53840
      48.709924 2.187696 145.85 846.961185649895 -63.2034010166061 -63.4271071072584 53840.5
      48.709846 2.187785 145.44 853.512623006119 -71.8765233339719 -63.8380707128242 53841
      48.709769 2.187874 145.01 860.064060031715 -80.4384298756347 -64.269051437947 53841.5
      48.709691 2.187964 144.6 866.689133818784 -89.1115230430362 -64.6800619234638 53842
      48.709613 2.188053 144.21 873.240632077372 -97.7846189158335 -65.0710810294973 53842.5
      48.709536 2.18814 143.78 879.644930859244 -106.346521749368 -65.5020965371229 53843
       48.70946 2.188226 143.37 885.975635433868 -114.797221377452 -65.9131177602789 53843.5
      48.709384 2.188311 142.98 892.232762846045 -123.247924752764 -66.3041461895103 53844
       48.70931 2.188395 142.58 898.416273013396 -131.476218402851 -66.7051770099966 53844.5
      48.709236 2.188478 142.16 904.52619929309 -139.704515525118 -67.1262140242176 53845
      48.709162 2.188561 141.69 910.636135555502 -147.932803640748 -67.597267508429 53845.5
      48.709089 2.188644 141.25 916.746074968625 -156.049877957943 -68.0383347378428 53846
      48.709017 2.188728 140.82 922.929613080154 -164.05572600216 -68.4694259104787 53846.5
      48.708944 2.188811 140.38 929.03958613799 -172.172784508274 -68.9105254375319 53847
      48.708871 2.188895 139.93 935.223173475536 -180.289822590513 -69.3616519193039 53847.5
      48.708799 2.188978 139.49 941.3331616276 -188.295658724689 -69.8027805942733 53848
      48.708726 2.18906 139.04 947.369584538552 -196.412705631472 -70.2539176916517 53848.5
      48.708654 2.189142 138.57 953.406002179875 -204.418537648852 -70.7250672630798 53849
      48.708581 2.189225 138.11 959.516055979748 -212.53555613719 -71.1862473593585 53849.5
      48.708507 2.189308 137.61 965.626139657551 -220.763771800629 -71.6874474949394 53850
      48.708434 2.189392 137.08 971.809815993496 -228.880759115461 -72.218671293626 53850.5
      48.708361 2.189475 136.55 977.919909564663 -236.997750987849 -72.7499001566375 53851
      48.708287 2.189559 136.03 984.103640550706 -245.225928687064 -73.2711608191528 53851.5
      48.708213 2.189642 135.45 990.21377953505 -253.454108722401 -73.8524266891484 53852
      48.708066 2.189807 134.43 1002.36050998007 -269.799256676037 -74.8749915828599 53853
      48.707919 2.189972 133.35 1014.50729775043 -286.144369992224 -75.9576215068574 53854
      48.707846 2.190056 132.82 1020.69110859743 -294.261291744927 -76.4889759143309 53854.5
      48.707773 2.190139 132.28 1026.80133426428 -302.378218220657 -77.0303348244649 53855
        48.7077 2.190223 131.74 1032.9851770952 -310.495123018663 -77.5717218151183 53855.5
      48.707626 2.190306 131.19 1039.09545509535 -318.723239008029 -78.1231187307995 53856
      48.707552 2.19039 130.64 1045.27935068553 -326.951333109757 -78.6745441555217 53856.5
      48.707478 2.190474 130.03 1051.46325346454 -335.179415712689 -79.2859861888663 53857
      48.707403 2.190558 129.42 1057.64719414453 -343.518696143191 -79.8974508350792 53857.5
      48.707327 2.190643 128.74 1063.90476247764 -351.969156543865 -80.5789507777556 53858
       48.70725 2.190729 128.1 1070.23597736125 -360.53080257508 -81.2204866793578 53858.5
      48.707172 2.190816 127.47 1076.64083455068 -369.203632372377 -81.8520592083243 53859
      48.707094 2.190903 126.84 1083.04571026486 -377.876453026129 -82.4836499630435 53859.5
      48.707016 2.190989 126.16 1089.37699451777 -386.54927578742 -83.165246397313 53860
      48.706938 2.191075 125.51 1095.7083021271 -395.222091300049 -83.816860913742 53860.5
       48.70686 2.19116 124.82 1101.96601943652 -403.894909698871 -84.5084808187086 53861
       48.70678 2.191244 124.12 1108.15019512564 -412.790145439784 -85.2101203101081 53861.5
        48.7067 2.191329 123.4 1114.40798745784 -421.685356350688 -85.9317910397803 53862
      48.706618 2.191413 122.67 1120.59223886028 -430.802984545963 -86.6634824551718 53862.5
      48.706534 2.191497 121.92 1126.77655005781 -440.143014673237 -87.4152082730654 53863
      48.706447 2.191582 121.2 1133.0345552732 -449.816641384057 -88.1369903735803 53863.5
      48.706359 2.191664 120.48 1139.07179615156 -459.601509748081 -88.8587619589107 53864
      48.706269 2.191744 119.76 1144.96189713205 -469.608811547988 -89.5805443007511 53864.5
      48.706176 2.191821 119.06 1150.63128197238 -479.949769875659 -90.2823331679903 53865
      48.706081 2.191896 118.39 1156.15353222754 -490.513164876239 -90.9541343450626 53865.5
      48.705985 2.191969 117.69 1161.52861392767 -501.1877862403 -91.6559398055444 53866
      48.705787 2.192104 116.17 1171.46931791534 -523.204401510834 -93.179524268591 53867
      48.705583 2.192223 114.85 1180.23261779526 -545.888488973048 -94.5030398578565 53868
      48.705373 2.192342 114.51 1188.99630851674 -569.239876117878 -94.8467078561 53869
      48.705165 2.192442 112.1 1196.36115974971 -592.368940023196 -97.2601907936743 53870
      48.705059 2.192495 111.41 1200.26456272246 -604.15587499252 -97.9520295032332 53870.5
      48.704952 2.192547 110.77 1204.09441021688 -616.054031046292 -98.5938892942743 53871
      48.704844 2.192599 110.13 1207.92429709766 -628.06338780619 -99.2357845682378 53871.5
      48.704734 2.19265 109.47 1211.68063920991 -640.295165035141 -99.8977131738708 53872
      48.704619 2.192699 109.2 1215.28998195724 -653.083038367854 -100.16969647884 53872.5
      48.704504 2.192746 108.9 1218.75212525492 -665.870936867887 -100.471679415238 53873
       48.70439 2.192792 108.39 1222.14061452095 -678.547619533553 -100.983663968259 53873.5
      48.704275 2.192832 107.84 1225.08750365996 -691.335595826031 -101.535602939925 53874
      48.704161 2.192874 107.23 1228.18158065517 -704.012323392244 -102.147584929503 53874.5
      48.704043 2.192904 106.78 1230.39253254093 -717.134081705858 -102.599473613061 53875
      48.703925 2.19293 106.33 1232.3090714736 -730.255901671403 -103.051333309212 53875.5
      48.703808 2.192954 105.86 1234.07837895361 -743.266543051786 -103.5231792008 53876
      48.703692 2.192972 105.53 1235.40606052522 -756.166089698954 -103.85495356726 53876.5
      48.703573 2.192996 105.42 1237.17550158109 -769.399181137476 -103.966880098651 53877
      48.703454 2.193017 105.43 1238.72415491564 -782.632334761393 -103.958791804762 53877.5
      48.703336 2.193028 105.43 1239.53672314027 -795.754443251909 -103.960574680813 53878
      48.703217 2.193036 105.3 1240.12847420274 -808.987789461121 -104.092355953381 53878.5
      48.703098 2.193039 105.11 1240.35218170303 -822.221208390084 -104.284093327347 53879
      48.702979 2.193038 104.9 1240.28145793095 -835.454688689439 -104.49580105409 53879.5
       48.70286 2.193036 104.97 1240.13718087511 -848.688221394526 -104.42752199077 53880
      48.702743 2.193019 103.18 1238.88838165792 -861.699334767476 -106.219026154753 53880.5
      48.702624 2.193006 103.06 1237.93438020403 -874.933016148177 -106.34064474626 53881
      48.702505 2.192991 102.96 1236.83316259651 -888.16673182028 -106.442262474527 53881.5
      48.702386 2.192972 102.92 1235.43751963486 -901.400519884653 -106.483850959631 53882
      48.702267 2.192951 102.84 1233.89464613159 -914.634333781242 -106.565438810912 53882.5
      48.702147 2.192929 102.84 1232.27819692158 -927.979380206747 -106.567056530365 53883
      48.702027 2.192905 103.01 1230.51455580658 -941.32448327408 -106.398674267595 53883.5
      48.701909 2.192881 103.09 1228.7508402048 -954.447161225534 -106.320287107211 53884
      48.701789 2.192855 102.88 1226.83989159473 -967.792238313806 -106.531932978427 53884.5
      48.701669 2.19283 102.89 1225.00258516637 -981.137331401722 -106.523621483633 53885
      48.701549 2.192805 103.16 1223.165319744 -994.48246422745 -106.255338474939 53885.5
