53628 -652.917 268.782 23.8162
53628.5 -652.864 268.874 23.8434
53629 -652.766 268.638 23.5921
53629.5 -652.715 268.683 23.5023
53630 -652.651 268.728 23.4718
53630.5 -652.46 268.627 23.5558
53631 -652.178 268.611 23.5342
53631.5 -651.978 268.686 23.727
53632 -651.768 268.726 23.9109
53632.5 -657.39 267.013 29.7229
53633 -656.565 266.667 29.6038
53633.5 -654.968 266.94 29.5279
53634 -653.062 267.387 29.3471
53634.5 -645.721 269.045 24.2092
53635 -643.294 268.784 24.6636
53635.5 -640.743 268.643 25.0434
53636 -637.737 268.876 24.2492
53636.5 -635.189 269.11 24.9032
53637 -632.385 272.547 19.3511
53637.5 -629.363 272.912 18.804
53638 -625.193 274.268 15.8218
53638.5 -623.643 273.891 17.857
53639 -621.584 274.173 18.3685
53639.5 -618.796 275.211 18.0901
53640 -621.263 272.502 26.7958
53640.5 -618.112 274.101 26.7489
53641 -609.93 279.48 17.4775
53641.5 -607.302 280.112 19.2866
53642 -603.059 281.638 18.7937
53642.5 -597.653 283.395 16.7045
53643 -593.953 283.704 18.1172
53643.5 -590.707 280.413 24.8127
53644 -586.604 279.551 25.7776
53644.5 -580.982 280.046 24.2262
53645 -575.96 279.657 23.7623
53645.5 -572.946 279.292 24.9859
53646 -567.72 278.956 24.379
53646.5 -563.099 278.76 23.6894
53647 -559.063 278.18 23.752
53647.5 -555.271 277.568 24.0542
53648 -550.983 276.961 23.8559
53648.5 -547.095 276.762 23.2398
53649 -542.797 276.029 23.8471
53649.5 -538.998 276.156 22.8352
53650 -535.106 274.849 24.0275
53650.5 -530.592 275.653 25.0761
53651 -527.256 275.736 24.3032
53651.5 -525.797 274.191 22.6578
53652 -528.908 271.352 28.6355
53652.5 -521.603 272.189 23.7732
53653 -519.563 271.642 24.0896
53653.5 -518.799 271.983 20.3392
53654 -516.623 271.838 18.7631
53654.5 -516.104 265.764 23.4401
53655 -515.644 263.895 25.3871
53655.5 -512.885 264.006 26.1265
53656 -512.828 259.437 22.0051
53656.5 -513.09 259.288 24.2243
53657 -513.522 256.085 23.5061
53657.5 -514.772 251.085 23.2398
53658 -515.892 244.68 22.4632
53658.5 -516.462 241.731 22.5114
53659 -516.868 236.222 23.0739
53659.5 -517.772 231.085 23.9148
53660 -519.193 225.292 24.0992
53660.5 -520.689 219.664 24.0216
53661 -520.999 216.756 24.2642
53661.5 -522.666 208.51 22.6449
53662 -524.419 202.249 22.8669
53662.5 -530.395 203.744 7.27416
53663 -531.401 199.083 6.87427
53663.5 -532.871 193.921 6.43166
53664 -534.737 191.123 3.39908
53664.5 -535.246 188.372 2.45594
53665 -529.017 189.02 23.414
53665.5 -527.378 187.837 36.1296
53666 -524.384 186.795 39.79
53666.5 -525.534 188.731 39.6373
53667 -525.711 187.894 45.7757
53667.5 -524.894 186.69 47.7711
53668 -524.463 185.138 46.724
53668.5 -525.005 182.366 44.3289
53669 -528.944 168.589 28.7312
53669.5 -531.167 162.614 20.8536
53670 -531.072 157.862 16.1913
53670.5 -535.329 151.951 28.4693
53671 -529.495 153.252 19.6857
53671.5 -529.142 151.479 19.2644
53672 -526.733 149.622 19.9182
53672.5 -524.293 148.248 19.2145
53673 -521.121 148.066 18.9878
53673.5 -518.277 147.034 19.2963
53674 -513.956 142.968 23.557
53674.5 -509.443 143.997 23.4786
53675 -503.661 143.27 22.5903
53675.5 -499.443 141.692 21.0917
53676 -493.178 142.618 24.8463
53677 -482.881 140.825 24.1493
53677.5 -475.964 140.89 23.9946
53678 -468.257 144.308 25.0549
53678.5 -461.507 141.365 22.0778
53679 -456.269 141.12 23.1183
53679.5 -448.399 140.474 22.2047
53680 -441.094 140.655 23.0886
53680.5 -437.172 140.646 29.8092
53681 -430.727 137.876 26.528
53681.5 -418.666 139.596 21.9352
53682 -409.665 142.404 27.0235
53682.5 -403.544 139.336 23.4019
53683 -395.239 140.608 26.357
53683.5 -388.754 138.91 22.34
53684 -380.551 140.204 25.1517
53684.5 -373.225 137.433 24.9349
53685 -366.867 136.761 25.037
53685.5 -368.12 131.704 30.2979
53686 -350.852 136.557 25.8828
53686.5 -354.077 131.616 30.5765
53687 -338.35 135.105 29.7275
53687.5 -335.562 127.587 21.1842
53688 -331.424 125.026 23.1004
53688.5 -325.74 122.808 22.9022
53689 -323.463 121.074 23.1218
53689.5 -325.882 118.141 27.61
53690 -318.997 117.62 24.6946
53690.5 -316.016 115.146 23.3957
53691 -311.718 113.486 24.9632
53691.5 -308.679 110.618 23.349
53692 -305.358 107.486 22.8528
53692.5 -302.256 104.034 21.8518
53693 -304.499 102.017 29.4448
53693.5 -300.845 97.706 27.255
53694 -290.842 102.249 17.3146
53694.5 -286.335 104.261 18.3752
53695 -284.778 107.841 11.5243
53695.5 -276.684 105.101 17.3491
53696 -272.278 106.921 16.0917
53696.5 -267.67 106.118 17.2089
53697 -262.225 103.009 21.6552
53697.5 -257.236 102.081 22.9776
53698 -252.272 96.928 22.3243
53698.5 -246.634 95.603 22.4066
53699 -240.497 92.3851 20.2726
53699.5 -235.194 88.3284 21.7466
53700 -229.743 86.5588 23.4937
53700.5 -223.119 83.051 23.0351
53701 -216.953 80.5121 23.5051
53701.5 -209.021 78.4267 23.5684
53702 -201.659 77.1537 25.0633
53702.5 -196.367 72.0902 21.2871
53703 -188.484 68.1411 20.4268
53703.5 -179.888 63.9456 18.7885
53704 -172.442 62.9607 21.309
53704.5 -165.166 58.7818 20.8983
53705 -158.04 55.5775 20.985
53705.5 -156.029 55.9808 22.7993
53706 -147.932 52.2896 24.3521
53706.5 -136.095 40.8171 17.1256
53707 -130.746 43.5112 23.7856
53707.5 -122.643 39.6386 23.0622
53708 -115.354 41.8167 29.5689
53708.5 -107.112 34.7098 24.1247
53709 -99.6942 29.1083 19.5129
53709.5 -90.7113 28.2834 20.8693
53710 -82.1951 27.75 23.2814
53710.5 -74.7083 25.4071 22.3016
53711 -66.8121 23.7936 22.3632
53711.5 -58.4164 21.8303 21.7528
53712 -52.2977 21.5818 23.6784
53712.5 -44.2002 18.8619 22.4192
53713 -38.3208 15.8393 21.5127
53713.5 -31.1257 15.1234 24.6704
53714 -26.5424 10.7879 21.8071
53714.5 -21.8584 13.935 19.5114
53715 -18.8781 9.71284 15.4166
53715.5 -15.8323 3.52953 24.939
53716 -11.7047 7.75871 18.9616
53716.5 -9.10296 -0.0628928 26.0726
53717 -5.67742 -1.64068 26.1418
53717.5 -2.10244 -2.22138 26.6493
53718 0.816229 -3.66951 26.7267
53718.5 3.64319 0.0438062 19.8716
53719 4.7599 -1.82206 22.1991
53719.5 6.25689 -3.69547 22.2891
53720 8.00828 -8.66013 25.2326
53720.5 9.0314 -10.7194 25.2964
53721 10.5777 -13.4645 25.837
53721.5 13.4459 -13.7596 25.1938
53722 16.0915 -15.8459 19.3641
53722.5 18.6081 -20.9203 25.2895
53723 21.2799 -21.8034 27.3629
53723.5 24.0972 -17.84 19.0086
53724 26.7337 -18.5441 17.8344
53724.5 29.2401 -19.2327 16.2771
53725 31.3524 -31.347 47.4296
53725.5 33.4046 -23.0602 39.5616
53726 28.9168 -18.5909 36.5305
53726.5 36.9436 -11.2754 26.8124
53727 33.3341 1.14488 9.35002
53727.5 30.5828 3.24044 0.521826
53728 38.4333 2.46324 25.0658
53728.5 36.1562 5.65867 24.3674
53729 28.8742 7.55811 20.5443
53729.5 26.1696 11.1007 20.5278
53730 24.8922 13.673 24.9651
53730.5 21.2677 18.4335 26.0471
53731 18.4076 24.088 22.2436
53731.5 14.2897 28.6179 25.8178
53732 6.36722 45.1386 10.0584
53732.5 4.3431 42.6299 23.3391
53733 -5.17107 53.9171 1.17807
53733.5 -2.63815 64.1088 23.8644
53734 -5.66165 67.7522 18.0121
53734.5 -10.511 73.9501 17.083
53735 -15.8335 81.3992 14.6682
53735.5 -20.4842 87.8226 15.1352
53736 -25.7677 97.4017 13.3462
53736.5 -31.0295 105.561 13.7038
53737 -33.9503 114.42 14.3814
53737.5 -38.3645 121.82 13.8484
53738 -42.6492 130.321 17.1538
53738.5 -47.6828 138.958 13.9506
53739 -52.2272 147.569 13.5913
53739.5 -56.7421 155.84 13.2591
53740 -60.5287 165.23 14.2943
53740.5 -64.116 174.787 12.9964
53741 -67.745 184.075 13.1576
53741.5 -71.2777 192.959 11.9362
53742 -75.7293 202.225 12.5377
53742.5 -79.6147 211.983 13.1947
53743 -83.8991 220.122 11.5058
53743.5 -87.5877 230.218 13.2487
53744 -91.6559 239.449 12.817
53744.5 -95.8609 248.248 12.8796
53745 -99.7938 256.982 12.6826
53745.5 -104.003 265.594 12.9005
53746 -107.296 274.687 13.0474
53746.5 -110.591 283.65 12.9475
53747 -114.01 292.628 12.6885
53747.5 -117.561 301.191 12.28
53748 -120.847 309.987 12.9578
53748.5 -124.653 317.775 12.5959
53749 -127.915 326.008 11.5907
53749.5 -132.62 332.81 13.8086
53750 -138.576 337.987 20.0737
53750.5 -141.697 344.693 20.4139
53751 -145.465 350.343 20.8232
53751.5 -147.078 357.595 20.3611
53752 -149.709 362.639 20.679
53752.5 -152.492 367.183 21.0873
53753 -154.946 371.105 21.5843
53753.5 -151.238 379.925 11.4803
53754 -159.706 379.435 22.6672
53754.5 -156.813 385.007 11.5378
53755 -159.709 387.231 13.4083
53755.5 -161.319 390.35 13.52
53756 -163.888 391.876 13.1375
53756.5 -165.476 395.621 13.8461
53757 -174.23 393.344 -5.33212
53757.5 -168.606 396.676 14.8833
53758 -168.158 389.077 23.9218
53758.5 -172.172 398.709 18.1038
53759.5 -175.146 403.433 13.796
53760 -179.209 408.705 13.7825
53760.5 -181.369 408.606 14.276
53761 -183.421 408.601 18.1322
53761.5 -186.235 410.759 18.11
53762 -188.101 412.113 20.5799
53762.5 -190.504 416.085 20.5276
53763 -192.615 418.666 20.7265
53763.5 -195.373 425.32 15.0269
53764 -196.756 429.825 14.7068
53764.5 -197.83 434.208 15.1362
53765 -198.9 438.877 15.4817
53765.5 -200.506 444.024 15.762
53766 -201.815 448.727 15.6331
53766.5 -203.839 454.203 15.0407
53767 -206.126 459.532 14.056
53767.5 -208.255 464.025 14.3269
53768 -211.27 468.329 14.8137
53768.5 -214.345 471.848 16.6087
53769 -219.562 476.678 14.5689
53769.5 -226.638 483.149 8.09255
53770 -227.647 479.159 20.3823
53770.5 -232.496 480.324 22.1373
53771.5 -243.954 483.372 17.6612
53772.5 -255.791 484.299 15.7446
53773 -260.258 485.889 17.1183
53773.5 -265.006 488.018 19.5297
53774 -270.89 491.454 17.1669
53774.5 -275.292 494.184 17.9601
53775 -279.193 499.319 19.8446
53775.5 -282.902 502.822 18.925
53776 -285.514 506.591 17.7613
53776.5 -288.247 511.147 16.7739
53777 -292.827 522.53 6.45912
53777.5 -289.308 522.293 16.5353
53778 -290.715 525.436 19.4963
53778.5 -290.7 530.03 21.9816
53779.5 -289.166 540.955 20.3342
53780 -292.548 543.502 26.0348
53780.5 -289.932 544.516 30.3768
53781 -280.479 552.13 23.7503
53781.5 -272.924 557.372 19.286
53782 -269.106 561.308 15.9551
53782.5 -262.411 564.343 13.1467
53783 -261.989 566.598 10.1463
53783.5 -249.496 557.867 16.7716
53784 -242.835 557.522 13.0525
53784.5 -246.632 554.007 23.5113
53785 -242.671 550.529 23.9777
53785.5 -238.565 546.302 26.3947
53786 -231.995 541.892 25.6039
53786.5 -224.861 538.131 24.0229
53787 -217.776 535.273 19.7973
53787.5 -211.747 529.796 19.2757
53788 -204.376 524.503 19.2351
53788.5 -198.89 518.548 20.7951
53789 -189.753 514.006 18.5815
53789.5 -183.675 504.86 16.4233
53790 -171.579 498.631 9.87513
53790.5 -162.593 495.211 15.417
53791 -159.035 491.73 13.3838
53791.5 -150.963 485.971 11.4328
53792 -139.567 478.196 16.4614
53792.5 -130.549 472.759 16.4539
53793 -119.736 467.408 16.5709
53793.5 -114.498 457.774 17.3877
53794 -105.025 451.9 21.4219
53794.5 -95.6022 447.792 18.297
53795 -87.0811 440.301 16.406
53795.5 -75.6792 437.181 15.5506
53796 -60.0507 435.511 5.08049
53796.5 -49.4384 431.227 2.34009
53797 -40.3869 425.068 3.20867
53797.5 -30.4234 419.113 4.13902
53798 -27.0726 408.352 12.2068
53798.5 -11.3584 407.225 2.5777
53799 -6.22289 398.655 11.9818
53799.5 9.14335 398.969 2.58908
53800 14.1738 389.258 11.5542
53801 35.5257 381.042 11.4432
53802 59.8198 368.858 7.12206
53803 77.8562 355.818 12.0396
53804 106.251 351.386 1.0496
53805 130.226 340.803 -0.333729
53806 151.631 331.614 -2.88115
53807 171.892 318.702 -5.19417
53808 195.012 308.491 -5.26461
53809 218.157 300.199 -3.87063
53810 239.955 286.755 -9.44575
53811 262.643 276.3 -10.968
53812 285.179 266.145 -11.4787
53813 308.078 256.401 -11.7428
53814 330.71 246.474 -12.1873
53815 353.622 236.861 -12.7674
53816 377.404 228.303 -11.5681
53817 400.156 218.633 -13.771
53818 423.119 210.539 -14.6752
53819 446.092 202.622 -15.5026
53820 469.53 196.451 -15.4073
53821 491.927 186.991 -17.019
53822 514.875 179.456 -18.1512
53823 537.51 171.865 -19.7347
53824 554.52 156.969 -14.478
53825 580.996 153.919 -23.5724
53826 602.669 146.012 -24.7756
53827 623.163 135.333 -26.0539
53828 644.833 125.932 -27.7919
53829 664.195 115.958 -25.8739
53830 682.3 103.1 -24.3641
53831 700.874 90.3616 -26.1148
53832 720.423 77.539 -24.1471
53833 735.497 68.1008 -31.7313
53834 749.194 51.5123 -49.2113
53835 773.831 28.6427 -57.6808
53836 780.863 19.8749 -51.8623
53836.5 788.644 12.4764 -52.0746
53837 794.064 -4.32763 -37.7836
53837.5 803.591 -12.0562 -26.972
53838 809.972 -20.5462 -26.2412
53838.5 817.71 -25.9526 -32.5749
53839 824.505 -37.4702 -30.154
53839.5 832.075 -46.8222 -32.9789
53840 836.066 -53.1543 -31.3319
53840.5 845.188 -61.0024 -36.476
53841 850.878 -70.7707 -33.7665
53841.5 856.163 -82.6233 -29.2491
53842 862.744 -91.2263 -30.7876
53842.5 868.577 -98.4964 -29.9431
53843 875.958 -107.807 -28.3613
53843.5 882.766 -116.242 -28.756
53844 888.844 -125.051 -30.1863
53844.5 895.43 -133.606 -28.1839
53845 901.245 -142.644 -28.7865
53845.5 906.825 -151.761 -27.853
53846 913.163 -158.935 -30.1719
53846.5 918.284 -168.385 -33.3784
53847 925.801 -175.603 -34.6301
53847.5 930.499 -180.29 -48.0541
53848 939.024 -185.041 -39.8991
53848.5 946.464 -195.715 -35.1748
53849 948.465 -208.863 -29.3112
53849.5 954.848 -216.313 -35.2725
53850 963.559 -221.763 -40.9351
53850.5 967.301 -232.185 -40.5121
53851 974.343 -240.403 -40.2274
53851.5 984.14 -243.868 -36.8808
53852 990.734 -252.283 -37.4566
53853 1004.91 -266.153 -39.7474
53854 1017.44 -288.562 -34.6258
53854.5 1023.06 -281.502 -46.0586
53855 1026.17 -291.29 -53.4546
53855.5 1038 -286.012 -63.6927
53856 1037.89 -317.461 -48.8613
53856.5 1046.29 -326.318 -47.3994
53857 1052.06 -331.424 -51.5955
53857.5 1056.72 -339.391 -58.3228
53858 1062.72 -346.123 -61.5823
53858.5 1068.22 -354.239 -65.2971
53859 1075.31 -363.048 -62.0923
53859.5 1080.52 -372.04 -65.5083
53860 1085.8 -385.841 -51.8977
53860.5 1093.2 -396.854 -46.8562
53861 1099.03 -403.424 -54.8738
53861.5 1105.2 -411.494 -53.2678
53862 1110.84 -420.359 -56.1865
53862.5 1121.76 -429.799 -57.2404
53863 1124.39 -442.115 -49.3683
53863.5 1130.03 -451.418 -53.0966
53864 1135.84 -461.708 -54.8434
53864.5 1142.16 -472.716 -51.6289
53865 1148.01 -483.095 -51.3619
53865.5 1155.52 -491.742 -59.4996
53866 1160.51 -499.669 -54.1817
53867 1172.12 -523.311 -57.4903
53868 1176.89 -543.62 -62.9399
53869 1188.9 -566.445 -64.9982
53870 1194.8 -588.594 -66.378
53870.5 1202.48 -601.536 -70.1554
53871 1202.77 -610.148 -73.2221
53871.5 1206.15 -622.49 -77.726
53872 1210.65 -632.748 -79.1638
53872.5 1214.44 -643.036 -78.4307
53873 1220.25 -655.598 -83.8935
53873.5 1228.14 -674.501 -70.3347
53874 1222.66 -688.492 -83.0248
53874.5 1225.16 -699.232 -89.4868
53875 1232.6 -713.136 -74.7776
53875.5 1229.53 -726.094 -94.4552
53876 1235.39 -740.797 -85.4868
53876.5 1234.12 -764.204 -56.5899
53877 1230.68 -762.862 -98.3888
53877.5 1234.46 -781.758 -83.51
53878 1237.65 -794.765 -86.5007
53878.5 1235.54 -805.771 -82.5361
53879 1235.04 -817.657 -102.559
53879.5 1242.87 -825.74 -77.3977
53880 1238.44 -841.23 -82.7102
53880.5 1240.75 -853.993 -85.1659
53881 1236.84 -871.609 -82.1388
53881.5 1232.03 -883.279 -77.894
53882 1233.65 -893.739 -83.4452
53882.5 1233.71 -904.01 -88.2262
53883 1230.02 -919.534 -84.718
53883.5 1228.36 -941.497 -68.7132
53884 1231.38 -951.359 -74.6919
53884.5 1224.84 -965.519 -66.9435
53885 1228.77 -974.193 -73.5942
53885.5 1220.19 -995.103 -69.4189
